ISO-10303-21;
HEADER;
/* Generated by software containing ST-Developer
 * from STEP Tools, Inc. (www.steptools.com) 
 */
/* OPTION: using custom renumber hook */

FILE_DESCRIPTION(
/* description */ ('STEP AP242',
'CAx-IF Rec.Pracs.---Representation and Presentation of Product Manufa
cturing Information (PMI)---4.0---2014-10-13',
'CAx-IF Rec.Pracs.---3D Tessellated Geometry---0.4---2014-09-14','2;1'),

/* implementation_level */ '2;1');

FILE_NAME(
/* name */ 'Stand (1)',
/* time_stamp */ '2025-08-08T04:52:52Z',
/* author */ (''),
/* organization */ (''),
/* preprocessor_version */ 'ST-DEVELOPER v20',
/* originating_system */ 'ONSHAPE BY PTC INC, 1.202',
/* authorisation */ '  ');

FILE_SCHEMA (('AP242_MANAGED_MODEL_BASED_3D_ENGINEERING_MIM_LF { 1 0 10303 442 1 1 4 }'));
ENDSEC;

DATA;
#10=SHAPE_REPRESENTATION_RELATIONSHIP('','',#52,#12);
#11=SHAPE_REPRESENTATION_RELATIONSHIP('','',#53,#13);
#12=TESSELLATED_SHAPE_REPRESENTATION('',(#48),#64);
#13=TESSELLATED_SHAPE_REPRESENTATION('',(#49),#65);
#14=STYLED_ITEM('',(#18),#44);
#15=STYLED_ITEM('',(#19),#48);
#16=STYLED_ITEM('',(#20),#45);
#17=STYLED_ITEM('',(#21),#49);
#18=PRESENTATION_STYLE_ASSIGNMENT((#22));
#19=PRESENTATION_STYLE_ASSIGNMENT((#23));
#20=PRESENTATION_STYLE_ASSIGNMENT((#24));
#21=PRESENTATION_STYLE_ASSIGNMENT((#25));
#22=SURFACE_STYLE_USAGE(.BOTH.,#26);
#23=SURFACE_STYLE_USAGE(.BOTH.,#27);
#24=SURFACE_STYLE_USAGE(.BOTH.,#28);
#25=SURFACE_STYLE_USAGE(.BOTH.,#29);
#26=SURFACE_SIDE_STYLE('',(#30));
#27=SURFACE_SIDE_STYLE('',(#31));
#28=SURFACE_SIDE_STYLE('',(#32));
#29=SURFACE_SIDE_STYLE('',(#33));
#30=SURFACE_STYLE_FILL_AREA(#34);
#31=SURFACE_STYLE_FILL_AREA(#35);
#32=SURFACE_STYLE_FILL_AREA(#36);
#33=SURFACE_STYLE_FILL_AREA(#37);
#34=FILL_AREA_STYLE('',(#38));
#35=FILL_AREA_STYLE('',(#39));
#36=FILL_AREA_STYLE('',(#40));
#37=FILL_AREA_STYLE('',(#41));
#38=FILL_AREA_STYLE_COLOUR('',#42);
#39=FILL_AREA_STYLE_COLOUR('',#42);
#40=FILL_AREA_STYLE_COLOUR('',#43);
#41=FILL_AREA_STYLE_COLOUR('',#43);
#42=COLOUR_RGB('',0.231372549019608,0.380392156862745,0.705882352941177);
#43=COLOUR_RGB('',0.917647058823529,0.917647058823529,0.917647058823529);
#44=COMPLEX_TRIANGULATED_FACE('ConvergentBody',#46,632,((-1.,0.,0.),(0.,
-1.,0.),(0.,0.,1.),(0.,0.,1.),(-1.,0.,0.),(0.,1.,0.),(-1.,0.,0.),(0.,0.,
-1.),(0.,-1.,0.),(0.,-1.,0.),(-1.,0.,0.),(0.,0.,1.),(-1.,0.,0.),(0.,1.,
0.),(0.,0.,-1.),(0.,0.,-1.),(1.,0.,0.),(0.,0.,-1.),(0.965935674451201,0.258782288463688,
0.),(0.,0.,-1.),(0.865811970399311,0.500369495386422,0.),(0.,0.,-1.),(0.706942882028886,
0.707270642363086,0.),(0.,0.,-1.),(0.500168820019416,0.865927913558851,
0.),(0.,0.,-1.),(0.258777620710575,0.965936924969417,0.),(0.,0.,-1.),(0.,
1.,0.),(0.,0.,-1.),(-1.,0.,0.),(0.,-1.,0.),(0.,0.,1.),(1.,0.,0.),(0.,-1.,
0.),(0.,0.,1.),(0.,1.,0.),(1.,0.,0.),(0.,0.,1.),(-1.,0.,0.),(0.,1.,0.),
(0.,0.,1.),(0.,-1.,0.),(0.,1.,0.),(0.,0.,-1.),(1.,0.,0.),(0.,0.,-1.),(0.965935674451225,
-0.258782288463598,0.),(0.,0.,-1.),(0.865809005063274,-0.5003746264064,
0.),(0.,0.,-1.),(0.706938690544956,-0.707274831879788,0.),(0.,0.,-1.),(0.500168820019445,
-0.865927913558834,0.),(0.,0.,-1.),(0.258786956198926,-0.965934423913598,
0.),(0.,0.,-1.),(0.,-1.,0.),(0.,0.,-1.),(1.,0.,0.),(0.,1.,0.),(0.,1.,0.),
(0.,0.,-1.),(1.,0.,0.),(0.,0.,1.),(0.,-1.,0.),(-1.,0.,0.),(0.,0.,1.),(0.,
1.,0.),(0.,1.,0.),(1.,0.,0.),(0.,0.,1.),(0.,1.,0.),(-1.,0.,0.),(0.,0.,1.),
(0.,0.,1.),(1.,0.,0.),(0.,-1.,0.),(0.,0.,1.),(0.999999996546845,-8.31042140486548E-5,
0.),(0.,0.,1.),(0.965893882216028,0.258938232591578,0.),(0.,0.,1.),(0.865747943064539,
0.500480268421762,0.),(0.,0.,1.),(0.707106781186584,0.707106781186511,0.),
(0.,0.,1.),(0.50027062576554,0.865869101536806,0.),(0.,0.,1.),(0.258782288463583,
0.965935674451229,0.),(0.,0.,1.),(8.31012115062236E-5,0.999999996547094,
0.),(0.,0.,1.),(0.965935631036639,-0.25878245051365,0.),(0.,0.,1.),(0.865868741771457,
-0.500271248447393,0.),(0.,0.,1.),(0.707107414645764,-0.707106147726763,
0.),(0.,0.,1.),(0.500270077296602,-0.865869418423847,0.),(0.,0.,1.),(0.258782612552564,
-0.965935587625008,0.),(0.,0.,1.),(8.3107216581734E-5,-0.999999996546595,
0.),(0.,0.,1.),(-1.,0.,0.),(0.,-1.,0.),(0.999999996546845,-8.31042140486548E-5,
0.),(0.,0.,1.),(0.,0.,1.),(0.965935631036639,-0.25878245051365,0.),(0.965893882216028,
0.258938232591578,0.),(0.,0.,1.),(0.,0.,1.),(0.965935674451201,0.258782288463688,
0.),(0.,0.,1.),(0.965935674451225,-0.258782288463598,0.),(0.,0.,1.),(1.,
0.,0.),(0.865747943064539,0.500480268421762,0.),(0.,0.,1.),(0.,0.,1.),(0.865811970399311,
0.500369495386422,0.),(0.865868741771457,-0.500271248447393,0.),(0.,0.,
1.),(0.,0.,1.),(0.707106781186584,0.707106781186511,0.),(0.707107414645764,
-0.707106147726763,0.),(0.,0.,1.),(0.,0.,1.),(0.865809005063274,-0.5003746264064,
0.),(0.50027062576554,0.865869101536806,0.),(0.,0.,1.),(0.,0.,1.),(0.500168820019416,
0.865927913558851,0.),(0.,0.,1.),(0.706942882028886,0.707270642363086,0.),
(0.500270077296602,-0.865869418423847,0.),(0.,0.,1.),(0.,0.,1.),(0.500168820019445,
-0.865927913558834,0.),(0.,0.,1.),(0.706938690544956,-0.707274831879788,
0.),(0.258782288463583,0.965935674451229,0.),(0.,0.,1.),(0.,0.,1.),(0.258777620710575,
0.965936924969417,0.),(0.258782612552564,-0.965935587625008,0.),(0.,0.,
1.),(0.,0.,1.),(0.258786956198926,-0.965934423913598,0.),(0.,0.,1.),(8.31012115062236E-5,
0.999999996547094,0.),(0.,0.,1.),(8.3107216581734E-5,-0.999999996546595,
0.),(0.,1.,0.),(0.,0.,1.),(0.,0.,1.),(0.,-1.,0.),(-0.258938075569454,0.965893924310733,
0.),(0.,0.,1.),(0.,0.,1.),(-0.258777620710559,0.965936924969422,0.),(0.,
0.,1.),(-0.258938075569454,0.965893924310733,0.),(-0.258777620710559,0.965936924969422,
0.),(0.,0.,-1.),(-0.258786956198928,-0.965934423913598,0.),(0.,0.,1.),(-0.258786956198928,
-0.965934423913598,0.),(0.,0.,-1.),(-0.258938389602538,-0.965893840124288,
0.),(0.,0.,1.),(-0.258938389602538,-0.965893840124288,0.),(0.,0.,1.),(0.,
0.,1.),(-0.499495781348157,0.866316318913244,0.),(-0.499495781348157,0.866316318913244,
0.),(0.,0.,-1.),(-0.499495781348187,-0.866316318913227,0.),(0.,0.,1.),(-0.499495781348187,
-0.866316318913227,0.),(0.,0.,-1.),(0.,0.,-1.),(-0.707108874141272,0.707104688225629,
0.),(0.,0.,1.),(-0.500483501447676,0.865746074076385,0.),(-0.707108874141272,
0.707104688225629,0.),(0.,0.,1.),(-0.707104688193167,-0.707108874173733,
0.),(0.,0.,-1.),(0.,0.,1.),(-0.500482949260129,-0.865746393293026,0.),(-0.707104688193167,
-0.707108874173733,0.),(0.,0.,1.),(0.,0.,1.),(-0.500483501447676,0.865746074076385,
0.),(-0.500482949260129,-0.865746393293026,0.),(0.,0.,1.),(0.,0.,1.),(-0.866317797361596,
0.499493217145692,0.),(-0.866317797361596,0.499493217145692,0.),(0.,0.,
-1.),(0.,0.,1.),(-0.865746976282579,0.500481940790646,0.),(0.,0.,1.),(-0.707106464448681,
0.707107097924273,0.),(-0.866314840434298,-0.499498345586145,0.),(0.,0.,
1.),(-0.866314840434298,-0.499498345586145,0.),(0.,0.,-1.),(0.,0.,1.),(-0.865867775390176,
-0.500272921054965,0.),(0.,0.,1.),(-0.707107097908145,-0.707106464464809,
0.),(-0.965935674451229,0.258782288463582,0.),(0.,0.,-1.),(-0.965935674451229,
0.258782288463582,0.),(0.,0.,1.),(0.,0.,1.),(-0.965893882216028,0.258938232591577,
0.),(-0.965935674451234,-0.258782288463565,0.),(0.,0.,-1.),(-0.965935674451234,
-0.258782288463565,0.),(0.,0.,1.),(0.,0.,1.),(-1.,0.,0.),(-1.,0.,0.),(0.,
0.,-1.),(0.,0.,1.),(-0.999999996546845,-8.31042140325362E-5,0.),(0.,0.,
1.),(-0.965935631036641,-0.258782450513645,0.),(-0.707106464448681,0.707107097924273,
0.),(0.,0.,1.),(0.,0.,1.),(-0.707107097908145,-0.707106464464809,0.),(-0.865746976282579,
0.500481940790646,0.),(0.,0.,1.),(0.,0.,1.),(-0.865867775390176,-0.500272921054965,
0.),(-0.965893882216028,0.258938232591577,0.),(0.,0.,1.),(0.,0.,1.),(-0.965935631036641,
-0.258782450513645,0.),(-0.999999996546845,-8.31042140325362E-5,0.),(0.,
0.,1.),(1.,0.,0.),(0.,0.,-1.),(0.,1.,0.),(0.,1.,0.),(-1.,0.,0.),(0.,0.,
-1.),(0.,0.,-1.),(0.,1.,0.),(-1.,0.,0.),(0.,1.,0.),(-1.,0.,0.),(0.,0.,-1.),
(-1.,0.,0.),(0.,0.,-1.),(0.,-1.,0.),(0.,-1.,0.),(-1.,0.,0.),(0.,0.,1.),
(0.,-1.,0.),(1.,0.,0.),(0.,0.,1.),(0.,0.,-1.),(0.,-1.,0.),(1.,0.,0.),(0.,
-1.,0.),(1.,0.,0.),(0.,0.,-1.),(0.,-1.,0.),(0.,0.,1.),(1.,0.,0.),(0.,0.,
1.),(1.,0.,0.),(0.,1.,0.),(0.,-1.,0.),(0.,0.,1.),(0.,0.,1.),(0.,1.,0.),
(-1.,0.,0.),(0.,0.,-1.),(0.,0.,1.),(1.,0.,0.),(0.,-1.,0.),(0.,-1.,0.),(0.,
0.,1.),(-1.,0.,0.),(0.,0.,-1.),(1.,0.,0.),(0.,0.,-1.),(0.96593563103664,
0.258782450513649,0.),(0.,0.,-1.),(0.865812130772766,0.500369217884876,
0.),(0.,0.,-1.),(0.706942569467812,0.707270954779176,0.),(0.,0.,-1.),(0.500170106766551,
0.865927170319269,0.),(0.,0.,-1.),(0.258777620710575,0.965936924969417,
0.),(0.,0.,-1.),(0.000165980528677369,0.999999986225232,0.),(0.,0.,-1.),
(-0.259089960297535,0.965853194058508,0.),(0.,0.,-1.),(-1.,0.,0.),(0.,-1.,
0.),(-1.,0.,0.),(0.,1.,0.),(0.,0.,-1.),(0.,0.,-1.),(0.258786956198926,-0.965934423913598,
0.),(0.,0.,-1.),(0.965935631036639,-0.25878245051365,0.),(0.,0.,-1.),(0.865809165432275,
-0.500374348916356,0.),(0.,0.,-1.),(0.70693837797349,-0.707275144302563,
0.),(0.,0.,-1.),(0.50017010676658,-0.865927170319252,0.),(0.,1.,0.),(-1.,
0.,0.),(0.,0.,-1.),(0.,0.,-1.),(0.000166004519797942,-0.99999998622125,
0.),(0.,0.,-1.),(-0.259099271804815,-0.965850696200098,0.),(1.,0.,0.),(0.,
1.,0.),(0.,0.,1.),(0.,1.,0.),(0.,0.,1.),(-1.,0.,0.),(1.,0.,0.),(0.,0.,1.),
(0.,-1.,0.),(0.,0.,1.),(0.999999996481194,-8.38904809241858E-5,0.),(0.,
0.,1.),(0.965882954872231,0.258978990436074,0.),(0.,0.,1.),(0.866042325633744,
0.499970689351782,0.),(0.,0.,1.),(0.707106543631643,0.707107018741372,0.),
(0.,0.,1.),(0.500271185975981,0.865868777865437,0.),(0.,0.,1.),(0.258781991879571,
0.965935753908531,0.),(0.,0.,1.),(8.32600027734286E-5,0.999999996533886,
0.),(0.,1.,0.),(0.,0.,1.),(-1.,0.,0.),(0.,0.,1.),(0.965924357618801,-0.258824526192372,
0.),(0.,0.,1.),(0.866162713329814,-0.499762097439507,0.),(0.,0.,1.),(0.707107177091036,
-0.707106385281837,0.),(0.,0.,1.),(0.500270637518473,-0.865869094746348,
0.),(0.,0.,1.),(0.258782315987752,-0.965935667077272,0.),(0.,0.,1.),(8.32660193230023E-5,
-0.999999996533385,0.),(0.,0.,1.),(-1.,0.,0.),(0.,-1.,0.),(0.999999996481194,
-8.38904809241858E-5,0.),(0.,0.,1.),(0.,0.,1.),(0.965924357618801,-0.258824526192372,
0.),(0.965882954872231,0.258978990436074,0.),(0.,0.,1.),(0.,0.,1.),(0.96593563103664,
0.258782450513649,0.),(0.,0.,1.),(0.965935631036639,-0.25878245051365,0.),
(0.,0.,1.),(1.,0.,0.),(0.866042325633744,0.499970689351782,0.),(0.,0.,1.),
(0.,0.,1.),(0.865812130772766,0.500369217884876,0.),(0.866162713329814,
-0.499762097439507,0.),(0.,0.,1.),(0.,0.,1.),(0.707106543631643,0.707107018741372,
0.),(0.707107177091036,-0.707106385281837,0.),(0.,0.,1.),(0.,0.,1.),(0.865809165432275,
-0.500374348916356,0.),(0.500271185975981,0.865868777865437,0.),(0.,0.,
1.),(0.,0.,1.),(0.500170106766551,0.865927170319269,0.),(0.,0.,1.),(0.706942569467812,
0.707270954779176,0.),(0.500270637518473,-0.865869094746348,0.),(0.,0.,
1.),(0.,0.,1.),(0.50017010676658,-0.865927170319252,0.),(0.,0.,1.),(0.70693837797349,
-0.707275144302563,0.),(0.258781991879571,0.965935753908531,0.),(0.,0.,
1.),(0.,0.,1.),(0.258777620710575,0.965936924969417,0.),(0.258782315987752,
-0.965935667077272,0.),(0.,0.,1.),(0.,0.,1.),(0.258786956198926,-0.965934423913598,
0.),(-0.866033486061476,0.,-0.49998600082423),(-0.500121978450908,0.,0.865954968038379),
(0.,1.,0.),(0.,1.,0.),(-0.866033491717096,-9.91820840568115E-5,-0.499985981190682),
(-0.508981465476296,0.,0.860777478679364),(-0.866033486059773,0.,-0.49998600082718),
(0.,-1.,0.),(-0.500121978450908,0.,0.865954968038379),(0.,-1.,0.),(-0.500121978450908,
0.,0.865954968038379),(0.86602961610562,0.,0.49999270397472),(-0.866033486059773,
0.,-0.49998600082718),(-0.505876299825814,-0.000229648435408923,0.862606003072167),
(0.,-1.,0.),(0.,-1.,0.),(-0.500010779770118,0.,0.866019179991805),(0.866036357651395,
0.,0.499981026865926),(-0.866033496219375,0.,-0.499985983229575),(-1.,0.,
0.),(0.,1.,0.),(-0.500121978450908,0.,0.865954968038379),(0.86602961610562,
0.,0.49999270397472),(0.,1.,0.),(0.,1.,0.),(0.,0.,1.),(-1.,0.,0.),(-0.866033496219185,
0.,-0.499985983229905),(0.,1.,0.),(-1.,0.,0.),(8.32600027734286E-5,0.999999996533886,
0.),(0.,0.,1.),(0.,0.,1.),(8.32660193230023E-5,-0.999999996533385,0.),(0.000165980528677369,
0.999999986225232,0.),(0.,0.,1.),(0.,0.,1.),(0.000166004519797942,-0.99999998622125,
0.),(-0.258938075569454,0.965893924310733,0.),(0.,0.,1.),(0.,0.,1.),(-0.259089960297535,
0.965853194058508,0.),(0.,0.,1.),(-0.258938075569454,0.965893924310733,
0.),(0.,0.,1.),(-0.259099271804815,-0.965850696200098,0.),(-0.258938389602538,
-0.965893840124288,0.),(0.,0.,1.),(-0.258938389602538,-0.965893840124288,
0.),(0.,0.,1.),(-0.499919652170291,0.866071787656159,0.),(0.,0.,-1.),(-0.499919652170291,
0.866071787656159,0.),(0.,0.,1.),(0.,0.,1.),(-0.500146604765238,0.86594074493686,
0.),(-0.499919652170321,-0.866071787656142,0.),(0.,0.,1.),(-0.499919652170321,
-0.866071787656142,0.),(0.,0.,-1.),(0.,0.,1.),(-0.500146051059865,-0.865941064743567,
0.),(-0.707108874141272,0.707104688225629,0.),(0.,0.,-1.),(-0.707108874141272,
0.707104688225629,0.),(0.,0.,1.),(-0.707104688193167,-0.707108874173733,
0.),(0.,0.,-1.),(-0.707104688193167,-0.707108874173733,0.),(0.,0.,1.),(0.,
0.,1.),(-0.500146604765238,0.86594074493686,0.),(-0.500146051059865,-0.865941064743567,
0.),(0.,0.,1.),(0.,0.,1.),(-0.86631892042558,0.499491269305738,0.),(-0.86631892042558,
0.499491269305738,0.),(0.,0.,-1.),(0.,0.,1.),(-0.866000279799653,0.500043513493499,
0.),(0.,0.,1.),(-0.707190159567364,0.707023392973023,0.),(-0.866315963509815,
-0.499496397752838,0.),(0.,0.,1.),(-0.866315963509815,-0.499496397752838,
0.),(0.,0.,-1.),(0.,0.,1.),(-0.866120974411879,-0.499834430270482,0.),(0.,
0.,1.),(-0.707190792954891,-0.707022759435531,0.),(-0.965935631036639,0.258782450513649,
0.),(0.,0.,-1.),(-0.965935631036639,0.258782450513649,0.),(0.,0.,1.),(0.,
0.,1.),(-0.965893903263007,0.258938154081922,0.),(-0.965935631036641,-0.258782450513645,
0.),(0.,0.,1.),(-0.965935631036641,-0.258782450513645,0.),(0.,0.,-1.),(-1.,
0.,0.),(0.,0.,1.),(-1.,0.,0.),(0.,0.,-1.),(0.,0.,1.),(-0.99999999654697,
-8.31027127783879E-5,0.),(0.,0.,1.),(-0.965935652743561,-0.258782369490022,
0.),(-0.707190159567364,0.707023392973023,0.),(0.,0.,1.),(0.,0.,1.),(-0.707190792954891,
-0.707022759435531,0.),(-0.866000279799653,0.500043513493499,0.),(0.,0.,
1.),(0.,0.,1.),(-0.866120974411879,-0.499834430270482,0.),(-0.965893903263007,
0.258938154081922,0.),(0.,0.,1.),(0.,0.,1.),(-0.965935652743561,-0.258782369490022,
0.),(-0.99999999654697,-8.31027127783879E-5,0.),(0.,0.,1.),(-0.500375422333969,
-0.000635396766200481,0.865808311923056),(-0.866039489578718,0.,-0.499975601894966),
(0.,-1.,0.),(-0.508981465476296,0.,0.860777478679364),(0.,1.,0.),(-0.86603948957962,
0.,-0.499975601893404),(-0.866039456697735,-0.000216591897150183,-0.499975611935864),
(-1.,0.,0.),(0.,-1.,0.),(0.,-1.,0.),(-0.500010779804645,0.,0.866019179971861),
(0.866036357651395,0.,0.499981026865926),(0.,-1.,0.),(-0.866039481924294,
0.,-0.499975615153679),(0.,0.,1.),(-0.866039481923803,0.,-0.49997561515453),
(0.,-1.,0.),(0.,0.,1.),(-0.86603948957962,0.,-0.499975601893404),(0.,1.,
0.),(-1.,0.,0.),(0.,0.,1.),(0.,-1.,0.),(-1.,0.,0.),(0.866036357651394,0.,
0.499981026865926),(0.,-1.,0.),(0.,0.,-1.),(0.,-1.,0.),(0.500107338724817,
0.,-0.865963422872803),(0.86602961610562,0.,0.49999270397472),(0.866036357651394,
0.,0.499981026865926),(0.,0.,-1.),(0.,-1.,0.),(0.,0.,-1.),(0.,-1.,0.),(0.500107338724817,
0.,-0.865963422872803),(0.,1.,0.),(1.,0.,0.),(0.,0.,1.),(0.,1.,0.),(0.86602961610562,
0.,0.49999270397472),(0.500107338724817,0.,-0.865963422872803),(-1.,0.,
0.),(0.,0.,-1.),(0.,-1.,0.),(0.,-1.,0.),(1.,0.,0.),(0.,0.,-1.),(-1.,0.,
0.),(0.,1.,0.),(0.,0.,-1.),(0.,0.,-1.),(1.,0.,0.),(0.,-1.,0.),(0.,1.,0.),
(0.,0.,-1.),(1.,0.,0.),(0.,0.,-1.),(1.,0.,0.),(0.,1.,0.),(0.,1.,0.),(-1.,
0.,0.),(0.,0.,-1.),(0.,0.,-1.),(0.,1.,0.),(0.,0.,-1.),(0.,1.,0.),(-1.,0.,
0.),(0.,0.,1.),(0.,1.,0.),(0.,0.,1.),(0.,1.,0.),(1.,0.,0.),(0.,0.,-1.),
(0.,1.,0.),(-0.866033533981543,0.,-0.499985917821133),(0.,0.,-1.),(0.,1.,
0.),(-0.866033533981547,0.,-0.499985917821125),(-0.866033533981547,0.,-0.499985917821125),
(0.,0.,-1.),(0.,1.,0.),(0.,0.,-1.),(0.,1.,0.),(1.,0.,0.),(-0.866033533981543,
0.,-0.499985917821133),(0.,1.,0.),(0.,0.,-1.),(0.,1.,0.),(0.,0.,-1.),(1.,
0.,0.),(0.,0.,-1.),(0.,1.,0.),(0.500107338724817,0.,-0.865963422872803)),
$,(2,2,2,4,4,4,1,1,1,116,116,116,3,3,3,25,25,29,29,33,33,37,37,45,45,49,
49,55,55,115,115,115,8,8,8,6,6,6,106,106,106,117,117,112,112,112,31,31,
34,34,39,39,47,47,51,51,57,57,110,110,110,111,111,111,108,108,108,118,118,
5,5,5,105,105,105,7,7,7,10,10,12,12,16,16,20,20,24,24,42,42,54,54,14,14,
18,18,22,22,28,28,44,44,60,60,107,107,107,9,9,13,13,11,11,30,30,32,32,26,
26,15,15,36,36,17,17,19,19,21,21,35,35,23,23,46,46,38,38,27,27,48,48,40,
40,41,41,50,50,43,43,52,52,53,53,59,59,56,56,58,58,70,70,62,62,69,69,61,
61,64,64,63,63,71,71,72,72,66,66,65,65,68,68,67,67,73,73,85,85,74,74,75,
75,89,89,76,76,86,86,90,90,77,77,78,78,95,95,91,91,80,80,79,79,97,97,93,
93,81,81,82,82,99,99,83,83,84,84,88,88,87,87,103,103,101,101,92,92,94,94,
96,96,98,98,100,100,102,102,104,104,109,109,109,124,124,124,126,126,126,
123,123,123,113,113,113,114,114,114,121,121,121,119,119,119,120,120,120,
122,122,122,128,128,128,237,237,248,248,248,248,130,130,130,236,236,236,
147,147,151,151,155,155,161,161,169,169,173,173,179,179,185,185,243,243,
243,125,125,125,175,175,153,153,157,157,163,163,171,171,245,245,245,181,
181,187,187,127,127,127,233,233,233,129,129,129,132,132,134,134,138,138,
142,142,146,146,166,166,178,178,234,234,234,136,136,140,140,144,144,150,
150,168,168,184,184,235,235,235,131,131,135,135,133,133,152,152,154,154,
148,148,137,137,156,156,139,139,141,141,143,143,158,158,145,145,170,170,
162,162,149,149,172,172,164,164,165,165,174,174,167,167,176,176,160,160,
160,232,232,232,159,159,159,240,240,240,231,231,231,239,239,239,250,250,
250,241,241,241,252,252,252,251,251,251,177,177,183,183,180,180,182,182,
194,194,186,186,193,193,188,188,196,196,195,195,189,189,190,190,209,209,
192,192,191,191,213,213,197,197,198,198,199,199,200,200,210,210,214,214,
202,202,201,201,219,219,215,215,204,204,203,203,221,221,217,217,205,205,
206,206,223,223,208,208,207,207,212,212,211,211,227,227,225,225,216,216,
218,218,220,220,222,222,224,224,226,226,228,228,229,229,229,230,230,230,
247,247,247,238,238,238,259,259,259,260,260,260,249,249,249,246,246,246,
271,271,271,275,275,275,272,272,272,273,273,273,268,268,268,276,276,276,
242,242,242,256,256,256,244,244,244,255,255,255,258,258,258,257,257,257,
253,253,253,262,262,261,261,254,254,254,270,270,270,266,266,266,264,264,
264,263,263,263,269,269,269,265,265,265,267,267,267,274,274,274),((1,5,
7),(2,9,10),(13,7,5),(15,16,8),(18,8,16),(20,8,18),(22,8,20),(24,8,22),
(24,26,8),(26,28,8),(30,8,28),(32,10,9),(3,33,4),(3,36,33),(39,36,3),(39,
3,42),(43,2,10),(6,44,14),(47,16,15),(47,15,49),(49,15,51),(51,15,53),(53,
15,55),(55,15,57),(15,59,57),(15,63,59),(62,14,44),(4,33,65),(68,4,65),
(69,44,6),(38,71,34),(70,37,73),(77,34,71),(72,79,76),(81,79,72),(83,81,
72),(85,83,72),(87,85,72),(87,72,89),(89,72,91),(75,91,72),(41,73,37),(66,
35,78),(93,76,79),(93,95,76),(95,97,76),(99,76,97),(99,101,76),(101,103,
76),(76,103,105),(78,107,66),(82,108,80),(111,80,108),(112,108,82),(113,
114,109),(109,116,110),(118,109,114),(118,116,109),(111,94,80),(82,84,112),
(120,112,84),(122,113,121),(122,114,113),(94,111,96),(124,96,111),(125,
110,116),(127,120,84),(122,121,126),(127,84,86),(98,96,124),(128,98,124),
(129,125,130),(116,130,125),(127,86,132),(126,133,134),(122,126,136),(136,
126,134),(88,132,86),(128,138,98),(139,129,140),(130,142,129),(142,140,
129),(138,100,98),(144,132,88),(133,145,146),(146,134,133),(144,88,90),
(19,17,119),(17,48,119),(19,119,115),(117,119,48),(102,100,138),(102,138,
148),(149,139,150),(140,150,139),(19,115,123),(21,19,123),(48,50,117),(117,
50,131),(21,123,23),(137,23,123),(50,52,131),(143,131,52),(25,23,137),(25,
137,135),(52,54,143),(141,143,54),(90,92,144),(145,152,146),(153,144,92),
(148,104,102),(154,149,150),(148,155,104),(135,147,25),(27,25,147),(54,
151,141),(54,56,151),(156,27,147),(29,27,156),(157,146,152),(56,58,151),
(159,151,58),(150,158,154),(92,160,153),(162,157,152),(152,164,162),(153,
160,165),(161,91,75),(166,29,156),(167,30,28),(166,156,163),(58,168,159),
(58,170,168),(171,57,59),(158,169,154),(155,172,104),(173,154,169),(172,
174,104),(175,105,103),(163,177,166),(178,166,177),(179,30,167),(162,164,
176),(170,180,168),(170,182,180),(59,183,171),(169,181,173),(177,185,178),
(184,30,179),(186,176,164),(188,185,177),(189,176,186),(182,190,180),(59,
191,183),(192,173,181),(194,180,190),(181,195,192),(160,197,165),(187,165,
197),(161,75,196),(172,198,174),(172,193,198),(105,175,199),(201,185,188),
(202,185,201),(184,203,30),(200,189,204),(186,206,189),(206,204,189),(190,
208,194),(190,210,208),(191,59,211),(195,209,212),(214,192,195),(212,214,
195),(216,202,201),(217,30,203),(216,201,218),(220,219,200),(220,200,204),
(210,222,208),(211,59,223),(224,208,222),(209,225,212),(218,227,216),(228,
216,227),(217,229,30),(226,219,230),(220,230,219),(222,227,224),(222,228,
227),(223,59,229),(225,226,230),(232,212,225),(230,232,225),(207,187,197),
(207,197,234),(235,196,75),(30,229,59),(193,215,198),(237,198,215),(236,
105,199),(234,205,207),(205,234,238),(235,75,239),(215,213,237),(213,241,
237),(236,240,105),(242,205,238),(221,205,242),(243,239,75),(213,233,241),
(245,241,233),(240,244,105),(221,242,231),(231,242,246),(247,243,75),(233,
231,245),(245,231,246),(247,105,244),(105,247,75),(67,74,40),(74,67,106),
(39,42,65),(65,42,68),(248,60,64),(251,61,250),(253,30,59),(46,248,64),
(254,249,45),(257,251,250),(254,259,249),(44,69,255),(31,260,264),(262,
266,263),(261,30,269),(262,272,266),(269,274,261),(31,264,11),(12,265,268),
(253,269,30),(275,43,10),(12,268,276),(68,42,278),(43,275,281),(42,282,
278),(284,255,69),(278,287,68),(287,291,68),(283,68,291),(277,267,273),
(277,273,271),(275,270,281),(253,293,269),(295,269,293),(297,269,295),(299,
269,297),(299,301,269),(303,269,301),(303,305,269),(305,307,269),(309,269,
307),(311,281,270),(258,312,252),(253,314,315),(293,253,317),(319,317,253),
(319,253,321),(323,321,253),(323,253,315),(258,256,312),(313,255,325),(328,
315,314),(330,328,314),(327,330,314),(284,325,255),(279,332,288),(333,280,
335),(338,288,332),(339,334,341),(343,341,334),(345,343,334),(347,345,334),
(349,347,334),(349,334,351),(353,351,334),(334,336,353),(355,335,280),(356,
278,282),(290,289,340),(341,358,339),(358,360,339),(362,339,360),(362,364,
339),(366,339,364),(366,368,339),(339,368,370),(290,340,372),(342,344,373),
(373,376,342),(377,373,344),(374,378,379),(375,374,381),(379,383,374),(383,
381,374),(359,342,376),(385,377,344),(378,386,387),(387,379,378),(385,344,
346),(376,389,359),(390,375,381),(361,359,389),(346,392,385),(386,391,387),
(346,348,392),(361,389,393),(394,390,395),(381,395,390),(361,393,363),(348,
350,392),(397,392,350),(391,398,399),(401,387,391),(401,391,399),(393,403,
363),(394,405,404),(395,407,394),(405,394,407),(365,363,403),(352,397,350),
(409,397,352),(410,411,398),(399,398,411),(380,294,384),(294,318,384),(296,
294,380),(382,384,318),(403,367,365),(403,413,367),(414,404,415),(415,404,
405),(380,388,296),(298,296,388),(318,396,382),(318,320,396),(388,402,298),
(300,298,402),(320,322,396),(408,396,322),(417,421,423),(418,425,427),(429,
423,421),(424,431,432),(424,432,426),(421,417,435),(418,427,438),(441,419,
440),(444,435,417),(445,419,441),(302,300,402),(302,402,400),(322,406,408),
(406,322,324),(409,352,447),(448,411,410),(352,354,447),(367,413,450),(449,
414,415),(450,369,367),(302,400,412),(304,302,412),(324,316,406),(416,406,
316),(412,451,304),(306,304,451),(452,411,448),(316,454,416),(316,329,454),
(449,415,453),(447,354,455),(452,448,457),(448,459,457),(455,460,447),(456,
353,336),(308,306,451),(308,451,458),(329,331,454),(453,461,449),(462,454,
331),(369,450,463),(449,461,466),(465,463,450),(464,370,368),(458,467,308),
(468,309,307),(467,458,469),(457,471,470),(471,457,459),(331,473,462),(331,
475,473),(330,327,476),(461,474,477),(477,466,461),(479,467,469),(468,480,
309),(479,469,481),(470,471,482),(475,483,473),(484,476,327),(485,473,483),
(474,486,477),(455,488,460),(472,460,488),(487,456,336),(489,463,465),(489,
465,478),(490,370,464),(481,492,479),(493,479,492),(494,309,480),(491,482,
495),(497,482,471),(497,495,482),(483,499,485),(483,501,499),(502,484,327),
(500,503,486),(505,477,486),(486,503,505),(507,493,492),(309,494,508),(507,
492,509),(510,491,511),(495,511,491),(499,501,513),(515,513,501),(502,327,
516),(503,500,514),(509,517,507),(519,507,517),(508,520,309),(518,510,521),
(521,510,511),(515,517,513),(515,519,517),(516,327,520),(518,521,514),(503,
514,523),(521,523,514),(498,472,488),(498,488,525),(526,487,336),(309,520,
327),(478,528,489),(478,506,528),(490,527,370),(496,498,525),(496,525,529),
(526,336,530),(528,506,532),(504,532,506),(527,531,370),(529,533,496),(512,
496,533),(530,336,534),(504,524,532),(532,524,536),(535,370,531),(512,533,
522),(537,522,533),(538,534,336),(524,537,536),(524,522,537),(535,538,370),
(336,370,538),(539,430,542),(540,544,545),(539,549,430),(541,551,548),(554,
540,545),(554,552,540),(422,542,430),(420,437,543),(557,545,544),(558,543,
437),(433,430,549),(357,292,337),(292,371,337),(291,356,283),(282,283,356),
(551,281,311),(560,283,282),(282,553,560),(550,563,434),(564,548,551),(566,
426,432),(569,434,563),(571,573,432),(566,432,573),(568,439,428),(575,441,
440),(440,578,575),(439,568,579),(326,581,310),(583,584,311),(326,587,581),
(590,582,589),(592,584,583),(311,584,551),(588,325,593),(589,596,590),(593,
598,588),(325,284,593),(546,285,562),(547,561,555),(556,560,553),(546,559,
285),(600,285,559),(602,286,601),(605,593,284),(602,604,286),(436,446,559),
(600,559,446),(606,446,443),(606,600,446),(607,442,609),(577,609,442),(599,
608,603),(610,603,608),(595,585,591),(591,597,595),(612,586,594),(584,564,
551),(586,612,570),(565,586,570),(613,593,605),(604,602,615),(604,615,619),
(605,620,613),(621,615,602),(622,603,610),(617,624,618),(614,618,624),(627,
625,616),(621,628,615),(630,612,626),(630,570,612),(627,631,625),(611,576,
629),(627,575,631),(611,629,623),(578,631,575),(570,630,572),(632,567,574),
(580,567,632)),());
#45=COMPLEX_TRIANGULATED_FACE('ConvergentBody',#47,570,((-1.,0.,0.),(0.,
-1.,0.),(0.,0.,1.),(0.,0.,1.),(-1.,0.,0.),(0.,1.,0.),(-1.,0.,0.),(0.,0.,
-1.),(0.,-1.,0.),(0.,0.,-1.),(0.,-1.,0.),(-1.,0.,0.),(0.,1.,0.),(0.,0.,
-1.),(0.,0.,1.),(1.,0.,0.),(0.,-1.,0.),(0.,0.,1.),(0.,1.,0.),(1.,0.,0.),
(0.,0.,1.),(-1.,0.,0.),(0.,1.,0.),(0.,-1.,0.),(0.,0.,-1.),(0.,0.,1.),(0.,
1.,0.),(1.,0.,0.),(0.,-1.,0.),(0.,0.,-1.),(-1.,0.,0.),(0.,0.,1.),(0.,1.,
0.),(0.,0.,-1.),(0.,0.,-1.),(0.865810487746571,0.500372060878747,0.),(0.,
0.,-1.),(0.965935674451221,0.258782288463614,0.),(0.,0.,-1.),(0.99999999999995,
0.,0.),(0.,0.,-1.),(0.965935833364975,-0.258781695298396,0.),(0.,0.,-1.),
(0.8654207021134,-0.501045914416583,0.),(0.,0.,-1.),(0.707107093673273,
-0.707106468699684,0.),(0.,0.,-1.),(0.501045157327949,-0.865421140438695,
0.),(0.,0.,-1.),(0.258782450513665,-0.965935631036635,0.),(0.,0.,1.),(0.,
-1.,0.),(-1.,0.,0.),(0.,1.,0.),(0.,0.,1.),(1.,0.,0.),(0.,1.,0.),(0.,0.,
1.),(0.,0.,1.),(1.,0.,0.),(0.,-1.,0.),(0.,0.,1.),(0.999999996533635,-8.3263011058905E-5,
0.),(0.,0.,1.),(0.965893882216023,0.258938232591596,0.),(0.,0.,1.),(0.865747571766116,
0.500480910705966,0.),(0.,0.,1.),(0.707107622516943,0.707105939855151,0.),
(0.,0.,1.),(0.500270351539649,0.865869259975429,0.),(0.,0.,1.),(0.258782450513664,
0.965935631036635,0.),(0.,0.,1.),(8.31042140497869E-5,0.999999996546845,
0.),(0.,0.,1.),(0.,1.,0.),(-1.,0.,0.),(0.,-1.,0.),(0.,0.,1.),(-1.,0.,0.),
(0.,0.,1.),(0.96593571049142,-0.258782153939246,0.),(0.,0.,1.),(0.865869717104715,
-0.500269560338224,0.),(0.,0.,1.),(0.707107097924312,-0.707106464448641,
0.),(0.,0.,1.),(0.500270351539654,-0.865869259975426,0.),(0.,0.,1.),(0.258782450513665,
-0.965935631036635,0.),(0.,0.,1.),(8.3104214049769E-5,-0.999999996546845,
0.),(0.,0.,-1.),(0.706942155244134,0.707271368810289,0.),(0.,0.,-1.),(0.500168549076609,
0.865928070058131,0.),(0.,0.,-1.),(0.258780116642387,0.96593625629777,0.),
(0.,0.,-1.),(0.,1.,0.),(0.,0.,-1.),(-0.25878011664239,0.96593625629777,
0.),(0.,0.,-1.),(-0.499495508882093,0.866316476010135,0.),(0.999999996533635,
-8.3263011058905E-5,0.),(0.,0.,1.),(0.,0.,1.),(0.96593571049142,-0.258782153939246,
0.),(0.965893882216023,0.258938232591596,0.),(0.,0.,1.),(0.,0.,1.),(0.965935674451221,
0.258782288463614,0.),(0.,0.,1.),(0.965935833364975,-0.258781695298396,
0.),(0.,0.,1.),(0.99999999999995,0.,0.),(0.865747571766116,0.500480910705966,
0.),(0.,0.,1.),(0.,0.,1.),(0.865810487746571,0.500372060878747,0.),(0.865869717104715,
-0.500269560338224,0.),(0.,0.,1.),(0.,0.,1.),(0.707107622516943,0.707105939855151,
0.),(0.707107097924312,-0.707106464448641,0.),(0.,0.,1.),(0.,0.,1.),(0.8654207021134,
-0.501045914416583,0.),(0.500270351539649,0.865869259975429,0.),(0.,0.,
1.),(0.,0.,1.),(0.500168549076609,0.865928070058131,0.),(0.,0.,1.),(0.706942155244134,
0.707271368810289,0.),(0.500270351539654,-0.865869259975426,0.),(0.,0.,
1.),(0.,0.,1.),(0.501045157327949,-0.865421140438695,0.),(0.,0.,1.),(0.707107093673273,
-0.707106468699684,0.),(0.258782450513664,0.965935631036635,0.),(0.,0.,
1.),(0.,0.,1.),(0.258780116642387,0.96593625629777,0.),(0.258782450513665,
-0.965935631036635,0.),(0.,0.,1.),(0.258782450513665,-0.965935631036635,
0.),(0.,0.,1.),(0.,0.,1.),(8.31042140497869E-5,0.999999996546845,0.),(0.,
0.,1.),(8.3104214049769E-5,-0.999999996546845,0.),(0.,1.,0.),(0.,0.,1.),
(0.,-1.,0.),(0.,0.,-1.),(0.,-1.,0.),(0.,0.,1.),(0.,0.,1.),(-0.258938232591594,
0.965893882216024,0.),(0.,0.,1.),(-0.25878011664239,0.96593625629777,0.),
(-0.258938232591594,0.965893882216024,0.),(0.,0.,1.),(0.,0.,1.),(-0.258782450513651,
-0.965935631036639,0.),(-0.258782450513651,-0.965935631036639,0.),(0.,0.,
-1.),(-0.258938232591596,-0.965893882216023,0.),(0.,0.,1.),(-0.258938232591596,
-0.965893882216023,0.),(0.,0.,1.),(0.,0.,1.),(-0.499495508882093,0.866316476010135,
0.),(-0.500371783382981,-0.865810648117783,0.),(0.,0.,1.),(-0.500371783382981,
-0.865810648117783,0.),(0.,0.,-1.),(-0.707108148659089,0.707105413711361,
0.),(0.,0.,1.),(-0.707108148659089,0.707105413711361,0.),(0.,0.,-1.),(0.,
0.,1.),(-0.500483225362491,0.865746233679799,0.),(-0.70727304952778,-0.706940473739957,
0.),(0.,0.,-1.),(0.,0.,1.),(-0.500483225362496,-0.865746233679797,0.),(-0.70727304952778,
-0.706940473739957,0.),(0.,0.,1.),(0.,0.,1.),(-0.70710678118655,-0.707106781186545,
0.),(-0.500483225362491,0.865746233679799,0.),(0.,0.,1.),(0.,0.,1.),(-0.500483225362496,
-0.865746233679797,0.),(-0.866316318913164,0.499495781348296,0.),(0.,0.,
-1.),(-0.866316318913164,0.499495781348296,0.),(0.,0.,1.),(0.,0.,1.),(-0.865746604982149,
0.500482583075457,0.),(0.,0.,1.),(-0.707107305780498,0.707106256592208,
0.),(-0.865927636310762,-0.500169300010763,0.),(0.,0.,-1.),(-0.865927636310762,
-0.500169300010763,0.),(0.,0.,1.),(0.,0.,1.),(-0.965935674451229,0.258782288463583,
0.),(-0.965935674451229,0.258782288463583,0.),(0.,0.,-1.),(0.,0.,1.),(-0.965893882216023,
0.258938232591595,0.),(-0.965935833364976,-0.258781695298393,0.),(0.,0.,
1.),(-0.965935833364976,-0.258781695298393,0.),(0.,0.,-1.),(0.,0.,1.),(-0.86586875072825,
-0.50027123294499,0.),(-0.99999999999995,0.,0.),(0.,0.,1.),(-0.99999999999995,
0.,0.),(0.,0.,-1.),(0.,0.,1.),(-0.999999996533635,-8.32630110589954E-5,
0.),(0.,0.,1.),(-0.96593571049142,-0.258782153939246,0.),(-0.707107305780498,
0.707106256592208,0.),(0.,0.,1.),(0.,0.,1.),(-0.70710678118655,-0.707106781186545,
0.),(-0.865746604982149,0.500482583075457,0.),(0.,0.,1.),(0.,0.,1.),(-0.86586875072825,
-0.50027123294499,0.),(-0.965893882216023,0.258938232591595,0.),(0.,0.,
1.),(0.,0.,1.),(-0.96593571049142,-0.258782153939246,0.),(-0.999999996533635,
-8.32630110589954E-5,0.),(0.,0.,1.),(0.,0.,-1.),(0.,1.,0.),(0.,0.,-1.),
(0.965935631036636,0.258782450513663,0.),(0.,0.,-1.),(0.99999999999995,
0.,0.),(0.,0.,-1.),(0.965935789945374,-0.258781857367562,0.),(0.,0.,-1.),
(0.865810648117741,0.500371783383053,0.),(0.,0.,-1.),(0.865420861898873,
-0.501045638430485,0.),(0.,0.,-1.),(0.706941842680609,0.707271681228186,
0.),(0.,0.,-1.),(0.50016983582664,0.865927326817414,0.),(0.,0.,-1.),(0.258780116642387,
0.96593625629777,0.),(0.,0.,-1.),(0.000165992524283625,0.999999986223241,
0.),(0.,0.,-1.),(-1.,0.,0.),(0.,-1.,0.),(0.,0.,1.),(1.,0.,0.),(0.,-1.,0.),
(0.,0.,1.),(0.,1.,0.),(0.,1.,0.),(1.,0.,0.),(0.,0.,1.),(0.,1.,0.),(-1.,
0.,0.),(0.,0.,1.),(0.,0.,1.),(1.,0.,0.),(0.,-1.,0.),(0.,0.,1.),(0.999999996467733,
-8.40507802956805E-5,0.),(0.,0.,1.),(0.965882954872226,0.258978990436092,
0.),(0.,0.,1.),(0.866041954712796,0.499971331855377,0.),(0.,0.,1.),(0.707107384963096,
0.707106177409484,0.),(0.,0.,1.),(0.500270911755804,0.865868936300995,0.),
(0.,0.,1.),(0.258782153939252,0.965935710491419,0.),(0.,0.,1.),(8.32630110540493E-5,
0.999999996533635,0.),(0.,1.,0.),(0.,0.,1.),(-1.,0.,0.),(-1.,0.,0.),(0.,
-1.,0.),(0.,0.,1.),(0.,0.,1.),(0.965924436413239,-0.258824232134024,0.),
(0.,0.,1.),(0.866163687122398,-0.499760409707025,0.),(0.,0.,1.),(0.707106860369477,
-0.707106702003609,0.),(0.,0.,1.),(0.500270911755809,-0.865868936300992,
0.),(0.,0.,1.),(0.258782153939254,-0.965935710491418,0.),(0.,0.,1.),(8.32630110540492E-5,
-0.999999996533635,0.),(0.,0.,1.),(-1.,0.,0.),(0.,-1.,0.),(0.999999996467733,
-8.40507802956805E-5,0.),(0.,0.,1.),(0.,0.,1.),(0.965924436413239,-0.258824232134024,
0.),(0.965882954872226,0.258978990436092,0.),(0.,0.,1.),(0.,0.,1.),(0.965935631036636,
0.258782450513663,0.),(0.,0.,1.),(0.965935789945374,-0.258781857367562,
0.),(0.,0.,1.),(0.99999999999995,0.,0.),(0.866041954712796,0.499971331855377,
0.),(0.,0.,1.),(0.,0.,1.),(0.865810648117741,0.500371783383053,0.),(0.866163687122398,
-0.499760409707025,0.),(0.,0.,1.),(0.,0.,1.),(0.707107384963096,0.707106177409484,
0.),(0.707106860369477,-0.707106702003609,0.),(0.,0.,1.),(0.,0.,1.),(0.865420861898873,
-0.501045638430485,0.),(0.500270911755804,0.865868936300995,0.),(0.,0.,
1.),(0.,0.,1.),(0.50016983582664,0.865927326817414,0.),(0.,0.,1.),(0.706941842680609,
0.707271681228186,0.),(0.500270911755809,-0.865868936300992,0.),(0.,0.,
1.),(0.,0.,1.),(0.501046444706948,-0.865420395095082,0.),(0.,0.,1.),(0.707106781186547,
-0.707106781186548,0.),(0.258782153939252,0.965935710491419,0.),(0.,0.,
1.),(0.,0.,1.),(0.258780116642387,0.96593625629777,0.),(0.258782153939254,
-0.965935710491418,0.),(0.,0.,1.),(0.,0.,1.),(0.258782450513665,-0.965935631036635,
0.),(0.707106781186547,-0.707106781186548,0.),(0.,0.,-1.),(-0.866033453036351,
0.,-0.499986058027555),(0.,-1.,0.),(-0.500107298392033,0.,0.865963446165612),
(-0.500107298392033,0.,0.865963446165612),(-0.866033453034418,0.,-0.499986058030903),
(0.,1.,0.),(-0.866033459314888,6.48112134415924E-5,-0.499986042951796),
(-0.664363837404758,0.,0.74740931995047),(0.,-1.,0.),(0.,-1.,0.),(-0.500107298392033,
0.,0.865963446165612),(0.866033484677609,0.,0.499986003221248),(-0.866033470826611,
0.,-0.499986027212775),(-1.,0.,0.),(0.,-1.,0.),(-0.866033453034418,0.,-0.499986058030903),
(0.,1.,0.),(-0.612226474942648,0.000310915983863984,0.790682393069777),
(0.,1.,0.),(0.866036357651394,0.,0.499981026865926),(-0.500010647623984,
0.,0.866019256288591),(0.,1.,0.),(-0.500107298392033,0.,0.865963446165612),
(0.866033484677609,0.,0.499986003221248),(0.501046444706948,-0.865420395095082,
0.),(0.,0.,-1.),(0.,0.,1.),(8.32630110540493E-5,0.999999996533635,0.),(0.,
0.,1.),(8.32630110540492E-5,-0.999999996533635,0.),(0.,0.,-1.),(0.258782450513665,
-0.965935631036635,0.),(0.,0.,-1.),(0.000165998522052414,-0.999999986222245,
0.),(0.,0.,-1.),(-0.259094768058687,-0.965851904364543,0.),(0.,0.,-1.),
(-0.500795402847326,-0.865565690451617,0.),(0.,0.,-1.),(0.,1.,0.),(-1.,
0.,0.),(0.000165992524283625,0.999999986223241,0.),(0.,0.,1.),(0.,0.,1.),
(0.000165998522052414,-0.999999986222245,0.),(-0.258938232591594,0.965893882216024,
0.),(0.,0.,1.),(0.,0.,1.),(-0.259092440182684,0.965852528826312,0.),(-0.258938232591594,
0.965893882216024,0.),(0.,0.,1.),(-0.259092440182684,0.965852528826312,
0.),(0.,0.,-1.),(-0.259094768058687,-0.965851904364543,0.),(0.,0.,1.),(0.,
0.,1.),(-0.258938232591596,-0.965893882216023,0.),(0.,0.,1.),(-0.258938232591596,
-0.965893882216023,0.),(-0.499919375975272,0.866071947083206,0.),(0.,0.,
1.),(-0.499919375975272,0.866071947083206,0.),(0.,0.,-1.),(0.,0.,1.),(-0.50014632792113,
0.865940904835318,0.),(-0.500795402847326,-0.865565690451617,0.),(0.,0.,
1.),(0.,0.,1.),(-0.500146327921135,-0.865940904835315,0.),(-0.707108148659089,
0.707105413711361,0.),(0.,0.,-1.),(-0.707108148659089,0.707105413711361,
0.),(0.,0.,1.),(-0.70727304952778,-0.706940473739957,0.),(0.,0.,-1.),(-0.70727304952778,
-0.706940473739957,0.),(0.,0.,1.),(0.,0.,1.),(-0.707190476269259,-0.707023076196286,
0.),(-0.50014632792113,0.865940904835318,0.),(0.,0.,1.),(0.,0.,1.),(-0.500146327921135,
-0.865940904835315,0.),(-0.866317441982915,0.499493833511665,0.),(0.,0.,
1.),(-0.866317441982915,0.499493833511665,0.),(0.,0.,-1.),(0.,0.,1.),(-0.865999909026222,
0.500044155616856,0.),(0.,0.,1.),(-0.707191000515869,0.707022551825162,
0.),(-0.865928760890672,-0.500167353055299,0.),(0.,0.,1.),(-0.865928760890672,
-0.500167353055299,0.),(0.,0.,-1.),(-0.965935631036636,0.258782450513663,
0.),(0.,0.,1.),(-0.965935631036636,0.258782450513663,0.),(0.,0.,-1.),(0.,
0.,1.),(-0.965893903263002,0.258938154081939,0.),(-0.965935789945375,-0.258781857367562,
0.),(0.,0.,-1.),(-0.965935789945375,-0.258781857367562,0.),(0.,0.,1.),(0.,
0.,1.),(-0.866121948492791,-0.499832742363935,0.),(-0.99999999999995,0.,
0.),(0.,0.,1.),(-0.99999999999995,0.,0.),(0.,0.,-1.),(0.,0.,1.),(-0.999999996533761,
-8.32615069201526E-5,0.),(0.,0.,1.),(-0.965935732199602,-0.258782072910817,
0.),(-0.707191000515869,0.707022551825162,0.),(0.,0.,1.),(0.,0.,1.),(-0.707190476269259,
-0.707023076196286,0.),(-0.865999909026222,0.500044155616856,0.),(0.,0.,
1.),(0.,0.,1.),(-0.866121948492791,-0.499832742363935,0.),(-0.965893903263002,
0.258938154081939,0.),(0.,0.,1.),(0.,0.,1.),(-0.965935732199602,-0.258782072910817,
0.),(-0.999999996533761,-8.32615069201526E-5,0.),(0.,0.,1.),(-0.664363837404758,
0.,0.74740931995047),(-0.86603947807325,0.,-0.499975621824317),(0.,-1.,
0.),(-0.500521196486131,0.000923378916782902,0.865723789230415),(0.,1.,
0.),(-0.866039478073535,0.,-0.499975621823823),(-0.866039479794725,-4.42008286587483E-5,
-0.499975616888633),(0.,1.,0.),(-1.,0.,0.),(-1.,0.,0.),(0.,-1.,0.),(-0.866033470827028,
0.,-0.499986027212053),(0.,-1.,0.),(-0.86603947807325,0.,-0.499975621824317),
(-1.,0.,0.),(-0.500010647699531,0.,0.866019256244943),(0.866036357651394,
0.,0.499981026865926),(0.,1.,0.),(0.,1.,0.),(0.,0.,1.),(-0.866039487554669,
0.,-0.499975605400949),(0.,0.,1.),(-1.,0.,0.),(0.,1.,0.),(0.866036357651394,
0.,0.499981026865926),(0.,0.,-1.),(0.,1.,0.),(0.,1.,0.),(0.866033484677609,
0.,0.499986003221248),(0.500107298017428,0.,-0.865963446381952),(0.866036357651394,
0.,0.499981026865926),(0.,1.,0.),(0.,0.,-1.),(0.,1.,0.),(0.,0.,-1.),(0.500107298017428,
0.,-0.865963446381952),(0.866033484677609,0.,0.499986003221248),(0.,-1.,
0.),(0.500107298017428,0.,-0.865963446381952),(-1.,0.,0.),(0.,1.,0.),(0.,
0.,-1.),(0.,0.,-1.),(-1.,0.,0.),(0.,-1.,0.),(0.,-1.,0.),(1.,0.,0.),(0.,
0.,-1.),(1.,0.,0.),(0.,0.,-1.),(0.,-1.,0.),(0.,1.,0.),(0.,0.,-1.),(1.,0.,
0.),(0.,0.,-1.),(1.,0.,0.),(0.,1.,0.),(-1.,0.,0.),(0.,-1.,0.),(-1.,0.,0.),
(0.,-1.,0.),(0.,0.,-1.),(0.,-1.,0.),(0.,0.,-1.),(-0.866033533981548,0.,
-0.499985917821124),(-0.866033533981548,0.,-0.499985917821124),(0.,-1.,
0.),(0.,0.,-1.),(0.,1.,0.),(-0.866039487555278,0.,-0.499975605399895),(0.,
0.,1.),(0.,0.,-1.),(-0.866033533981543,0.,-0.499985917821131),(0.,-1.,0.),
(-0.866033533981543,0.,-0.499985917821131),(0.,-1.,0.),(0.,0.,-1.),(0.,
-1.,0.),(0.,0.,-1.),(0.500107298017428,0.,-0.865963446381952)),$,(2,2,2,
4,4,4,1,1,1,9,9,3,3,3,8,8,8,6,6,6,108,108,108,111,111,114,114,114,236,236,
236,236,106,106,36,36,30,30,26,26,31,31,35,35,40,40,48,48,52,52,110,110,
